$ 1 0.000005 10.20027730826997 50 5 43 5e-11
d 272 112 336 112 2 default
l 160 112 224 112 0 0.00156 6.8004411908719855e-12 0
r 496 112 560 112 0 42
c 368 112 368 224 0 0.00001 5.175773866578487 0.001
v 64 112 96 112 0 0 40 3.3 0 0 0.5
g 48 144 48 160 0 0
g 576 144 576 160 0 0
w 64 112 48 112 0
w 48 112 48 144 0
w 96 112 160 112 0
w 224 112 272 112 0
w 560 112 576 112 0
w 576 112 576 144 0
w 464 112 448 112 0
w 368 224 368 240 0
g 368 240 368 256 0 0
w 240 192 240 240 0
g 240 240 240 256 0 0
L 432 144 432 368 0 0 false 5 0
L 208 176 112 176 0 1 false 5 0
w 336 112 416 112 0
f 528 320 528 272 32 1.5 0.02
w 464 112 496 112 0
t 432 144 432 112 1 1 -3.3002080233866047 -1.428092717240701e-10 100 default
t 208 176 240 176 0 1 4.982071748174817 5 100 default
o 2 64 0 4099 0.0000762939453125 0.00009765625 0 2 2 3
